		easting		northing	elev	log Q	log(Q)	(Q)
IBH-01		421940.618	1165668.509	-67 	1.025 	1.025 	10.600 
2 		421941.3904	1165669.427	-69 	1.394 	1.394 	24.800 
3 		421942.2904	1165670.499	-72 	1.394 	1.394 	24.800 
4 		421943.2546	1165671.647	-75 	1.875 	1.875 	75.000 
5 		421944.2189	1165672.795	-78 	1.672 	1.672 	47.000 
6 		421945.1831	1165673.943	-81 	3.000 	3.000 	1000.000 
7 		421946.1473	1165675.092	-84 	3.000 	3.000 	1000.000 
8 		421947.1116	1165676.24	-87 	2.301 	2.301 	200.000 
9 		421948.108	1165677.426	-90 	1.875 	1.875 	75.000 
10 		421949.0722	1165678.574	-93 	1.358 	1.358 	22.800 
11 		421950.0365	1165679.722	-96 	2.176 	2.176 	150.000 
12 		421951.0007	1165680.87	-99 	1.875 	1.875 	75.000 
13 		421951.965	1165682.018	-102 	1.875 	1.875 	75.000 
14 		421952.9292	1165683.167	-105 	1.875 	1.875 	75.000 
15 		421953.8935	1165684.315	-108 	1.875 	1.875 	75.000 
16 		421954.8577	1165685.463	-111 	1.875 	1.875 	75.000 
		421955.8219	1165686.611	-114 	1.672 	1.672 	47.000 
		421956.7862	1165687.759	-117 	1.290 	1.290 	19.500 
		421957.7504	1165688.907	-120 	1.569 	1.569 	37.100 
		421958.7147	1165690.055	-123 	2.176 	2.176 	150.000 
		421959.6789	1165691.203	-126 	2.301 	2.301 	200.000 
		421960.6432	1165692.351	-129 	0.672 	0.672 	4.700 
		421961.6074	1165693.5	-132 	1.176 	1.176 	15.000 
		421962.5717	1165694.648	-135 	1.377 	1.377 	23.800 
		421963.5359	1165695.796	-138 	1.170 	1.170 	14.800 
		421964.5002	1165696.944	-141 	1.371 	1.371 	23.500 
		421965.4644	1165698.092	-144 	1.848 	1.848 	70.500 
		421966.4287	1165699.24	-147 	1.857 	1.857 	72.000 
		421967.3929	1165700.388	-150 	1.398 	1.398 	25.000 
		421968.3571	1165701.536	-153 	1.875 	1.875 	75.000 
		421969.3214	1165702.684	-156 	2.000 	2.000 	100.000 
		421970.2856	1165703.833	-159 	2.000 	2.000 	100.000 
		421971.2499	1165704.981	-162 	1.875 	1.875 	75.000 
		421972.2141	1165706.129	-165 	2.176 	2.176 	150.000 
		421973.1784	1165707.277	-168 	2.176 	2.176 	150.000 
		421974.1426	1165708.425	-171 	1.061 	1.061 	11.500 
		421975.1069	1165709.573	-174 	1.690 	1.690 	49.000 
		421976.0711	1165710.721	-177 	3.000 	3.000 	1000.000 
		421977.0354	1165711.869	-180 	1.556 	1.556 	36.000 
		421977.9996	1165713.017	-183 	1.875 	1.875 	75.000 
		421978.9639	1165714.166	-186 	1.875 	1.875 	75.000 
		421979.9281	1165715.314	-189 	2.000 	2.000 	100.000 
		421980.8923	1165716.462	-192 	1.875 	1.875 	75.000 
		421981.8566	1165717.61	-195 	2.000 	2.000 	100.000 
		421982.8208	1165718.758	-198 	3.000 	3.000 	1000.000 
		421983.7851	1165719.906	-201 	0.114 	0.114 	1.300 
		421984.5886	1165720.863	-204 	1.844 	1.844 	69.800 
		421985.5529	1165722.011	-207 	1.223 	1.223 	16.700 
		421986.3564	1165722.968	-209 	1.398 	1.398 	25.000 
		421987.6421	1165724.499	-213 	1.201 	1.201 	15.900 
		421988.5099	1165725.532	-216 	2.176 	2.176 	150.000 
		421986.2921	1165722.891	-209 	1.569 	1.569 	37.100 
		421990.4705	1165727.866	-222 	1.875 	1.875 	75.000 
		421991.2098	1165728.747	-224 	2.301 	2.301 	200.000 
		421992.174	1165729.895	-227 	1.548 	1.548 	35.300 
IBH-02		422211.116	1165287.438	-66 	0.799 	0.799 	6.300 
		422209.9932	1165286.097	-70 	0.663 	0.663 	4.600 
		422209.127	1165285.062	-72 	0.740 	0.740 	5.500 
		422208.1646	1165283.912	-75 	2.426 	2.426 	266.700 
		422207.3947	1165282.993	-78 	1.574 	1.574 	37.500 
		422206.6568	1165282.111	-80 	1.519 	1.519 	33.000 
		422205.6944	1165280.962	-83 	2.000 	2.000 	100.000 
		422204.732	1165279.812	-86 	1.212 	1.212 	16.300 
		422204.1545	1165279.122	-88 	1.367 	1.367 	23.300 
		422203.1921	1165277.973	-91 	1.394 	1.394 	24.800 
		422202.4543	1165277.091	-93 	3.000 	3.000 	1000.000 
		422201.8447	1165276.363	-95 	1.270 	1.270 	18.600 
		422200.8823	1165275.213	-98 	2.000 	2.000 	100.000 
		422199.9199	1165274.064	-101 	1.267 	1.267 	18.500 
		422198.9575	1165272.914	-104 	1.699 	1.699 	50.000 
		422197.9951	1165271.764	-107 	1.699 	1.699 	50.000 
		422197.0326	1165270.615	-110 	0.991 	0.991 	9.800 
		422196.1344	1165269.542	-113 	1.352 	1.352 	22.500 
		422195.3003	1165268.545	-116 	1.498 	1.498 	31.500 
		422194.37	1165267.434	-118 	1.574 	1.574 	37.500 
		422193.4075	1165266.285	-121 	2.176 	2.176 	150.000 
		422192.5414	1165265.25	-124 	3.000 	3.000 	1000.000 
		422191.9318	1165264.522	-126 	2.176 	2.176 	150.000 
		422191.2261	1165263.679	-128 	2.176 	2.176 	150.000 
		422190.2957	1165262.567	-131 	3.000 	3.000 	1000.000 
		422189.3333	1165261.418	-134 	2.176 	2.176 	150.000 
		422188.3709	1165260.268	-137 	3.000 	3.000 	1000.000 
		422187.5368	1165259.272	-140 	2.176 	2.176 	150.000 
		422186.5744	1165258.122	-143 	1.398 	1.398 	25.000 
		422185.644	1165257.011	-146 	1.398 	1.398 	25.000 
		422184.6816	1165255.861	-149 	2.000 	2.000 	100.000 
		422183.7834	1165254.788	-151 	2.000 	2.000 	100.000 
		422182.821	1165253.638	-154 	3.000 	3.000 	1000.000 
		422181.8585	1165252.489	-157 	2.176 	2.176 	150.000 
		422180.8961	1165251.339	-160 	1.824 	1.824 	66.700 
		422179.9337	1165250.189	-163 	1.699 	1.699 	50.000 
		422178.9713	1165249.04	-166 	2.000 	2.000 	100.000 
		422178.0089	1165247.89	-169 	2.000 	2.000 	100.000 
		422177.0465	1165246.741	-172 	2.000 	2.000 	100.000 
		422176.084	1165245.591	-175 	1.377 	1.377 	23.800 
		422175.1216	1165244.441	-178 	1.519 	1.519 	33.000 
		422174.3838	1165243.56	-181 	2.000 	2.000 	100.000 
		422173.4214	1165242.41	-184 	2.176 	2.176 	150.000 
		422172.7477	1165241.605	-186 	1.875 	1.875 	75.000 
		422172.0098	1165240.724	-188 	3.000 	3.000 	1000.000 
		422171.0474	1165239.574	-191 	3.000 	3.000 	1000.000 
		422170.085	1165238.425	-194 	3.000 	3.000 	1000.000 
		422169.1226	1165237.275	-197 	2.301 	2.301 	200.000 
		422168.1602	1165236.125	-200 	3.000 	3.000 	1000.000 
		422167.294	1165235.091	-203 	3.000 	3.000 	1000.000 
		422166.3316	1165233.941	-206 	3.000 	3.000 	1000.000 
		422165.3691	1165232.791	-209 	3.000 	3.000 	1000.000 
		422164.4067	1165231.642	-212 	3.000 	3.000 	1000.000 
		422163.4443	1165230.492	-215 	2.176 	2.176 	150.000 
		422162.4819	1165229.343	-218 	3.000 	3.000 	1000.000 
		422161.5195	1165228.193	-221 	2.477 	2.477 	300.000 
		422160.5571	1165227.043	-224 	3.000 	3.000 	1000.000 
		422159.5946	1165225.894	-227 	3.000 	3.000 	1000.000 
		422158.6322	1165224.744	-230 	2.000 	2.000 	100.000 
IBH-03		422098.506	1165511.467	-71 	(0.222)	(0.222)	0.600 
		422096.5069	1165511.464	-75 	(0.699)	(0.699)	0.200 
		422095.4574	1165511.462	-77 	1.201 	1.201 	15.900 
		422093.4583	1165511.459	-81 	2.362 	2.362 	230.000 
		422091.959	1165511.457	-84 	1.875 	1.875 	75.000 
		422090.4597	1165511.454	-87 	1.875 	1.875 	75.000 
		422088.9604	1165511.452	-90 	2.176 	2.176 	150.000 
		422087.4611	1165511.449	-93 	2.176 	2.176 	150.000 
		422085.9618	1165511.447	-96 	2.477 	2.477 	300.000 
		422084.4625	1165511.445	-99 	1.548 	1.548 	35.300 
		422082.4134	1165511.441	-103 	1.875 	1.875 	75.000 
		422080.9141	1165511.439	-106 	1.522 	1.522 	33.300 
		422079.7147	1165511.437	-109 	3.000 	3.000 	1000.000 
		422078.2154	1165511.435	-112 	3.000 	3.000 	1000.000 
		422076.7161	1165511.432	-115 	3.000 	3.000 	1000.000 
		422075.2167	1165511.43	-118 	1.551 	1.551 	35.600 
		422074.0173	1165511.428	-120 	2.477 	2.477 	300.000 
		422071.9183	1165511.425	-124 	2.301 	2.301 	200.000 
		422070.419	1165511.422	-127 	1.699 	1.699 	50.000 
		422068.9196	1165511.42	-130 	1.574 	1.574 	37.500 
		422067.4203	1165511.417	-133 	2.176 	2.176 	150.000 
		422065.921	1165511.415	-136 	1.875 	1.875 	75.000 
		422063.922	1165511.412	-140 	1.875 	1.875 	75.000 
		422062.9224	1165511.41	-142 	1.875 	1.875 	75.000 
		422061.4231	1165511.408	-145 	1.574 	1.574 	37.500 
		422059.9238	1165511.406	-148 	1.574 	1.574 	37.500 
		422058.4245	1165511.403	-151 	2.477 	2.477 	300.000 
		422056.9252	1165511.401	-154 	2.477 	2.477 	300.000 
		422055.4259	1165511.398	-157 	1.699 	1.699 	50.000 
		422053.9266	1165511.396	-160 	1.875 	1.875 	75.000 
		422052.4772	1165511.394	-163 	1.875 	1.875 	75.000 
		422050.9779	1165511.391	-166 	1.699 	1.699 	50.000 
		422049.4786	1165511.389	-169 	2.000 	2.000 	100.000 
		422047.9793	1165511.387	-172 	3.000 	3.000 	1000.000 
		422046.48	1165511.384	-175 	3.000 	3.000 	1000.000 
		422044.9807	1165511.382	-178 	3.000 	3.000 	1000.000 
		422043.4814	1165511.379	-181 	2.477 	2.477 	300.000 
		422042.082	1165511.377	-184 	1.574 	1.574 	37.500 
		422041.0325	1165511.375	-186 	2.176 	2.176 	150.000 
		422038.9335	1165511.372	-190 	3.000 	3.000 	1000.000 
		422037.4342	1165511.37	-193 	1.201 	1.201 	15.900 
		422036.0348	1165511.368	-196 	2.000 	2.000 	100.000 
		422034.5355	1165511.365	-199 	1.875 	1.875 	75.000 
		422033.0362	1165511.363	-202 	3.000 	3.000 	1000.000 
		422031.5369	1165511.36	-205 	3.000 	3.000 	1000.000 
		422030.0376	1165511.358	-208 	3.000 	3.000 	1000.000 
		422028.5383	1165511.356	-211 	1.427 	1.427 	26.700 
		422027.3388	1165511.354	-214 	1.792 	1.792 	62.000 
		422025.8395	1165511.351	-217 	1.462 	1.462 	29.000 
		422024.79	1165511.35	-219 	1.522 	1.522 	33.300 
		422023.2907	1165511.347	-222 	2.301 	2.301 	200.000 
		422022.0413	1165511.345	-224 	2.301 	2.301 	200.000 
		422020.542	1165511.343	-227 	2.000 	2.000 	100.000 
IBH-04		421669.731	1165384.148	-59 	1.386 	1.386 	24.300 
		421670.9948	1165383.088	-62 	2.000 	2.000 	100.000 
		421672.2585	1165382.029	-65 	1.991 	1.991 	98.000 
		421673.4074	1165381.065	-68 	2.000 	2.000 	100.000 
		421674.5563	1165380.102	-71 	2.000 	2.000 	100.000 
		421675.7052	1165379.139	-74 	1.699 	1.699 	50.000 
		421685.5855	1165370.854	-17 	1.057 	1.057 	11.400 
		421678.0029	1165377.212	-80 	1.394 	1.394 	24.800 
		421679.1518	1165376.249	-83 	1.380 	1.380 	24.000 
		421680.3007	1165375.285	-86 	1.398 	1.398 	25.000 
		421681.4496	1165374.322	-89 	1.013 	1.013 	10.300 
		421682.5984	1165373.359	-92 	1.871 	1.871 	74.300 
		421683.7473	1165372.395	-95 	1.371 	1.371 	23.500 
		421684.8962	1165371.432	-98 	1.371 	1.371 	23.500 
		421686.0451	1165370.469	-101 	1.380 	1.380 	24.000 
		421687.194	1165369.505	-104 	1.380 	1.380 	24.000 
		421688.3428	1165368.542	-107 	1.875 	1.875 	75.000 
		421689.4917	1165367.579	-110 	1.574 	1.574 	37.500 
		421690.6406	1165366.615	-113 	0.799 	0.799 	6.300 
		421691.7895	1165365.652	-116 	1.176 	1.176 	15.000 
		421692.9384	1165364.689	-119 	1.262 	1.262 	18.300 
		421694.0872	1165363.725	-122 	1.991 	1.991 	98.000 
		421695.2361	1165362.762	-125 	1.875 	1.875 	75.000 
		421696.385	1165361.799	-128 	1.207 	1.207 	16.100 
		421697.5339	1165360.835	-131 	1.371 	1.371 	23.500 
		421698.6828	1165359.872	-134 	1.158 	1.158 	14.400 
		421699.8316	1165358.909	-137 	1.875 	1.875 	75.000 
		421700.9805	1165357.945	-140 	1.398 	1.398 	25.000 
		421702.1294	1165356.982	-143 	1.377 	1.377 	23.800 
		421703.2783	1165356.019	-146 	1.875 	1.875 	75.000 
		421704.4272	1165355.055	-149 	1.875 	1.875 	75.000 
		421705.5377	1165354.124	-152 	1.041 	1.041 	11.000 
		421706.7249	1165353.129	-155 	1.529 	1.529 	33.800 
		421707.8738	1165352.165	-158 	0.949 	0.949 	8.900 
		421709.0227	1165351.202	-161 	1.176 	1.176 	15.000 
		421710.1716	1165350.239	-164 	0.204 	0.204 	1.600 
		421711.3204	1165349.275	-167 	1.188 	1.188 	15.400 
		421712.3927	1165348.376	-170 	1.158 	1.158 	14.400 
		421713.2735	1165347.638	-173 	1.193 	1.193 	15.600 
		421714.116	1165346.931	-175 	1.307 	1.307 	20.300 
		421715.0734	1165346.129	-177 	1.188 	1.188 	15.400 
		421715.8394	1165345.486	-179 	1.875 	1.875 	75.000 
		421716.9499	1165344.555	-182 	1.548 	1.548 	35.300 
		421718.0605	1165343.624	-185 	1.875 	1.875 	75.000 
		421718.903	1165342.917	-187 	1.199 	1.199 	15.800 
		421719.937	1165342.05	-190 	1.566 	1.566 	36.800 
		421721.5072	1165340.734	-194 	1.574 	1.574 	37.500 
		421722.6177	1165339.803	-197 	1.358 	1.358 	22.800 
		421723.4986	1165339.064	-199 	1.548 	1.548 	35.300 
		421724.9155	1165337.876	-203 	0.699 	0.699 	5.000 
		421725.8346	1165337.105	-205 	1.332 	1.332 	21.500 
		421726.4856	1165336.559	-207 	0.857 	0.857 	7.200 
		421727.175	1165335.981	-209 	1.107 	1.107 	12.800 
		421727.826	1165335.436	-211 	0.556 	0.556 	3.600 
		421728.9749	1165334.472	-214 	2.000 	2.000 	100.000 
		422493.3626	1164693.536	-2210 	1.866 	1.866 	73.500 
		421731.8088	1165332.096	-221 	1.352 	1.352 	22.500 
		421732.9577	1165331.133	-224 	1.875 	1.875 	75.000 
		421734.1065	1165330.169	-227 	1.574 	1.574 	37.500 
IBH-05		422241.849	1165711.992	-63 	0.914 	0.914 	8.200 
		422243.1511	1165710.9	-66 	1.522 	1.522 	33.300 
		422244.6829	1165709.616	-70 	2.000 	2.000 	100.000 
		422245.8318	1165708.652	-73 	2.301 	2.301 	200.000 
		422246.9807	1165707.689	-76 	2.301 	2.301 	200.000 
		422258.546	1165697.992	-19 	2.301 	2.301 	200.000 
		422249.2784	1165705.762	-82 	2.000 	2.000 	100.000 
		422250.4273	1165704.799	-85 	1.699 	1.699 	50.000 
		422251.1932	1165704.157	-87 	1.944 	1.944 	88.000 
		422252.3421	1165703.194	-90 	0.929 	0.929 	8.500 
		422253.3761	1165702.327	-93 	2.000 	2.000 	100.000 
		422254.525	1165701.363	-96 	3.000 	3.000 	1000.000 
		422255.6738	1165700.4	-99 	3.000 	3.000 	1000.000 
		422257.3206	1165699.019	-103 	2.301 	2.301 	200.000 
		422258.4695	1165698.056	-106 	3.000 	3.000 	1000.000 
		422259.2737	1165697.381	-108 	3.000 	3.000 	1000.000 
		422260.4225	1165696.418	-111 	3.000 	3.000 	1000.000 
		422261.5714	1165695.455	-114 	3.000 	3.000 	1000.000 
		422262.7203	1165694.491	-117 	3.000 	3.000 	1000.000 
		422263.8692	1165693.528	-120 	3.000 	3.000 	1000.000 
		422264.9032	1165692.661	-123 	1.875 	1.875 	75.000 
		422266.0521	1165691.698	-126 	3.000 	3.000 	1000.000 
		422267.6605	1165690.349	-130 	3.000 	3.000 	1000.000 
		422268.8094	1165689.386	-133 	1.481 	1.481 	30.300 
		422270.3029	1165688.133	-137 	1.522 	1.522 	33.300 
		422270.6093	1165687.877	-138 	2.477 	2.477 	300.000 
		422271.4135	1165687.202	-140 	3.000 	3.000 	1000.000 
		422272.256	1165686.496	-142 	3.000 	3.000 	1000.000 
		422273.4049	1165685.532	-145 	3.000 	3.000 	1000.000 
		422274.5538	1165684.569	-148 	2.000 	2.000 	100.000 
		422275.7026	1165683.606	-151 	1.522 	1.522 	33.300 
		422276.8515	1165682.642	-154 	1.574 	1.574 	37.500 
		422278.0004	1165681.679	-157 	2.000 	2.000 	100.000 
		422279.1493	1165680.716	-160 	2.301 	2.301 	200.000 
		422280.2982	1165679.753	-163 	3.000 	3.000 	1000.000 
		422281.447	1165678.789	-166 	2.301 	2.301 	200.000 
		422282.5959	1165677.826	-169 	2.301 	2.301 	200.000 
		422283.7448	1165676.863	-172 	1.223 	1.223 	16.700 
		422285.583	1165675.321	-177 	1.398 	1.398 	25.000 
		422287.1914	1165673.973	-181 	2.301 	2.301 	200.000 
		422288.3403	1165673.009	-184 	2.000 	2.000 	100.000 
		422289.4892	1165672.046	-187 	2.000 	2.000 	100.000 
		422290.6381	1165671.083	-190 	3.000 	3.000 	1000.000 
		422291.787	1165670.119	-193 	2.000 	2.000 	100.000 
		422292.9358	1165669.156	-196 	3.000 	3.000 	1000.000 
		422294.0847	1165668.193	-199 	2.000 	2.000 	100.000 
		422295.2336	1165667.229	-202 	2.000 	2.000 	100.000 
		422296.3825	1165666.266	-205 	1.585 	1.585 	38.500 
		422297.225	1165665.559	-207 	1.667 	1.667 	46.500 
		422298.3739	1165664.596	-210 	1.498 	1.498 	31.500 
		422298.9483	1165664.114	-212 	1.643 	1.643 	44.000 
		422299.7525	1165663.44	-214 	3.000 	3.000 	1000.000 
		422300.9014	1165662.477	-217 	3.000 	3.000 	1000.000 
		422302.1269	1165661.449	-220 	3.000 	3.000 	1000.000 
		422303.2757	1165660.486	-223 	3.000 	3.000 	1000.000 
		422304.4246	1165659.523	-226 	3.000 	3.000 	1000.000 
		422305.5735	1165658.559	-229 	3.000 	3.000 	1000.000 
IBH-06		421939.313	1165600.74	-59 	1.677 	1.677 	47.500 
		421937.8942	1165601.926	-63 	1.866 	1.866 	73.500 
		421936.7437	1165602.887	-66 	3.000 	3.000 	1000.000 
		421935.5933	1165603.849	-69 	2.176 	2.176 	150.000 
		421934.4429	1165604.81	-72 	2.301 	2.301 	200.000 
		421933.2925	1165605.772	-75 	3.000 	3.000 	1000.000 
		421925.2396	1165612.502	-96 	1.875 	1.875 	75.000 
		421924.0892	1165613.464	-99 	1.875 	1.875 	75.000 
		421921.7884	1165615.387	-105 	1.875 	1.875 	75.000 
		421920.638	1165616.348	-108 	3.000 	3.000 	1000.000 
		421919.4876	1165617.31	-111 	1.543 	1.543 	34.900 
		421918.3372	1165618.271	-114 	3.000 	3.000 	1000.000 
		421917.1867	1165619.233	-117 	2.000 	2.000 	100.000 
		421916.0363	1165620.194	-120 	3.000 	3.000 	1000.000 
		421912.5851	1165623.079	-129 	1.574 	1.574 	37.500 
		421911.5114	1165623.976	-132 	1.574 	1.574 	37.500 
		421910.7444	1165624.617	-134 	1.250 	1.250 	17.800 
		421910.1501	1165625.114	-135 	1.566 	1.566 	36.800 
		421908.7887	1165626.252	-139 	1.377 	1.377 	23.800 
		421907.9834	1165626.925	-141 	3.000 	3.000 	1000.000 
		421906.833	1165627.886	-144 	1.875 	1.875 	75.000 
		421905.6826	1165628.848	-147 	1.574 	1.574 	37.500 
		421904.5322	1165629.809	-150 	1.875 	1.875 	75.000 
		421902.2314	1165631.732	-156 	1.871 	1.871 	74.300 
		421901.081	1165632.694	-159 	1.866 	1.866 	73.500 
		421899.9306	1165633.655	-162 	2.301 	2.301 	200.000 
		421898.0899	1165635.194	-167 	1.053 	1.053 	11.300 
		421897.2463	1165635.899	-169 	(3.000)	(3.000)	0.001 
		421897.1696	1165635.963	-169 	(0.224)	(0.224)	0.597 
		421896.7478	1165636.316	-170 	1.386 	1.386 	24.300 
		421895.6357	1165637.245	-173 	1.332 	1.332 	21.500 
		421894.4469	1165638.239	-176 	1.574 	1.574 	37.500 
		421893.2965	1165639.2	-179 	1.348 	1.348 	22.300 
		421891.8777	1165640.386	-183 	1.137 	1.137 	13.700 
		421890.8806	1165641.219	-186 	1.299 	1.299 	19.900 
		421889.9603	1165641.988	-188 	1.367 	1.367 	23.300 
		421888.8099	1165642.95	-191 	1.862 	1.862 	72.800 
		421886.6625	1165644.745	-197 	1.362 	1.362 	23.000 
		421885.5121	1165645.706	-200 	1.875 	1.875 	75.000 
		421882.6744	1165648.078	-207 	1.857 	1.857 	72.000 
		421880.3736	1165650.001	-213 	1.875 	1.875 	75.000 
		421879.2231	1165650.962	-216 	1.871 	1.871 	74.300 
		421878.0727	1165651.924	-219 	1.996 	1.996 	99.000 
		421876.9223	1165652.885	-222 	1.021 	1.021 	10.500 
		421876.0403	1165653.623	-224 	1.875 	1.875 	75.000 
		421874.8899	1165654.584	-227 	1.875 	1.875 	75.000 
IBH-07		422313.212	1165484.096	-67 	0.792 	0.792 	6.200 
		422312.8678	1165483.806	-68 	1.053 	1.053 	11.300 
		422312.0264	1165483.099	-70 	1.328 	1.328 	21.300 
		422311.491	1165482.648	-72 	1.238 	1.238 	17.300 
		422310.1142	1165481.49	-75 	1.204 	1.204 	16.000 
		422309.2728	1165480.782	-78 	1.246 	1.246 	17.600 
		422308.6991	1165480.3	-79 	1.699 	1.699 	50.000 
		422307.5518	1165479.335	-82 	1.681 	1.681 	48.000 
		422306.4044	1165478.369	-85 	2.000 	2.000 	100.000 
		422305.3336	1165477.469	-88 	(0.523)	(0.523)	0.300 
		422304.0715	1165476.407	-91 	1.367 	1.367 	23.300 
		422302.7712	1165475.313	-95 	0.968 	0.968 	9.300 
		422301.5091	1165474.251	-98 	(3.000)	(3.000)	0.001 
		422301.0502	1165473.865	-99 	1.377 	1.377 	23.800 
		422299.9028	1165472.9	-102 	1.806 	1.806 	64.000 
		422298.22	1165471.485	-107 	0.690 	0.690 	4.900 
		422297.3787	1165470.777	-109 	1.436 	1.436 	27.300 
		422295.8871	1165469.522	-113 	1.367 	1.367 	23.300 
		422294.7398	1165468.557	-116 	1.699 	1.699 	50.000 
		422293.5924	1165467.592	-119 	1.380 	1.380 	24.000 
		422292.4451	1165466.627	-122 	1.699 	1.699 	50.000 
		422291.2977	1165465.661	-125 	1.964 	1.964 	92.000 
		422290.1504	1165464.696	-128 	1.398 	1.398 	25.000 
		422288.6206	1165463.409	-132 	1.312 	1.312 	20.500 
		422287.1291	1165462.155	-136 	1.501 	1.501 	31.700 
		422285.5993	1165460.868	-140 	1.522 	1.522 	33.300 
		422284.4137	1165459.87	-143 	0.653 	0.653 	4.500 
		422282.9986	1165458.68	-146 	0.643 	0.643 	4.400 
		422282.5397	1165458.294	-148 	1.352 	1.352 	22.500 
		422281.3923	1165457.329	-151 	0.898 	0.898 	7.900 
		422280.2832	1165456.396	-153 	1.699 	1.699 	50.000 
		422279.1359	1165455.431	-156 	2.000 	2.000 	100.000 
		422277.5296	1165454.08	-161 	3.000 	3.000 	1000.000 
		422276.3823	1165453.114	-164 	2.000 	2.000 	100.000 
		422275.2349	1165452.149	-167 	1.522 	1.522 	33.300 
		422274.0876	1165451.184	-170 	2.301 	2.301 	200.000 
		422272.9402	1165450.219	-173 	3.000 	3.000 	1000.000 
		422271.7929	1165449.254	-176 	1.398 	1.398 	25.000 
		422270.6456	1165448.289	-179 	3.000 	3.000 	1000.000 
		422269.4982	1165447.323	-182 	1.332 	1.332 	21.500 
		422268.4274	1165446.423	-184 	0.869 	0.869 	7.400 
		422266.8211	1165445.071	-189 	1.699 	1.699 	50.000 
		422266.0562	1165444.428	-191 	1.602 	1.602 	40.000 
		422265.2913	1165443.784	-193 	0.919 	0.919 	8.300 
		422264.2587	1165442.916	-195 	1.348 	1.348 	22.300 
		422263.379	1165442.176	-198 	1.501 	1.501 	31.700 
		422262.2317	1165441.211	-201 	1.371 	1.371 	23.500 
		422261.0079	1165440.181	-204 	1.824 	1.824 	66.700 
		422259.937	1165439.28	-207 	1.318 	1.318 	20.800 
		422258.7897	1165438.315	-210 	2.000 	2.000 	100.000 
		422258.0248	1165437.672	-212 	2.000 	2.000 	100.000 
		422256.8774	1165436.707	-215 	1.699 	1.699 	50.000 
		422255.7301	1165435.741	-218 	1.991 	1.991 	98.000 
		422254.5827	1165434.776	-221 	2.000 	2.000 	100.000 
		422253.6649	1165434.004	-223 	1.690 	1.690 	49.000 
		422252.5175	1165433.039	-226 	2.000 	2.000 	100.000 
		422251.4467	1165432.138	-229 	1.987 	1.987 	97.000 
IBH-08		421652.022	1165587.03	-66 	0.000 	0.000 	1.000 
		421653.0184	1165588.216	-70 	0.544 	0.544 	3.500 
		421654.1433	1165589.556	-73 	0.322 	0.322 	2.100 
		421655.1076	1165590.704	-76 	0.431 	0.431 	2.700 
		421656.0718	1165591.852	-79 	1.250 	1.250 	17.800 
		421657.0039	1165592.962	-82 	1.217 	1.217 	16.500 
		421657.9682	1165594.11	-85 	1.348 	1.348 	22.300 
		421658.9324	1165595.258	-88 	1.233 	1.233 	17.100 
		421659.8967	1165596.406	-91 	1.377 	1.377 	23.800 
		421660.8931	1165597.593	-94 	1.137 	1.137 	13.700 
		421661.8573	1165598.741	-97 	1.389 	1.389 	24.500 
		421662.8216	1165599.889	-100 	1.551 	1.551 	35.600 
		421663.7858	1165601.037	-103 	1.875 	1.875 	75.000 
		421664.75	1165602.185	-106 	0.342 	0.342 	2.200 
		421665.875	1165603.525	-110 	1.322 	1.322 	21.000 
		421666.6785	1165604.481	-112 	1.394 	1.394 	24.800 
		421667.6428	1165605.629	-115 	2.000 	2.000 	100.000 
		421669.5713	1165607.926	-121 	1.875 	1.875 	75.000 
		421670.5677	1165609.112	-124 	1.358 	1.358 	22.800 
		421671.4998	1165610.222	-127 	1.371 	1.371 	23.500 
		421672.3997	1165611.293	-130 	1.228 	1.228 	16.900 
		421673.364	1165612.442	-133 	0.716 	0.716 	5.200 
		421674.2639	1165613.513	-136 	1.377 	1.377 	23.800 
		421675.2603	1165614.699	-139 	1.117 	1.117 	13.100 
		421676.2567	1165615.886	-142 	0.982 	0.982 	9.600 
		421677.3817	1165617.225	-145 	0.255 	0.255 	1.800 
		421678.1852	1165618.182	-148 	0.544 	0.544 	3.500 
		421679.0852	1165619.254	-151 	0.491 	0.491 	3.100 
		421680.0816	1165620.44	-154 	0.491 	0.491 	3.100 
		421681.0458	1165621.588	-157 	(3.000)	(3.000)	0.001 
		421681.3672	1165621.971	-158 	1.322 	1.322 	21.000 
		421682.1065	1165622.851	-160 	1.398 	1.398 	25.000 
		421683.0707	1165623.999	-163 	0.978 	0.978 	9.500 
		421684.035	1165625.147	-166 	0.462 	0.462 	2.900 
		421684.7742	1165626.028	-168 	1.207 	1.207 	16.100 
		421685.4813	1165626.869	-171 	1.233 	1.233 	17.100 
		421686.4456	1165628.018	-174 	1.332 	1.332 	21.500 
		421687.4098	1165629.166	-177 	1.380 	1.380 	24.000 
		421688.3741	1165630.314	-180 	1.270 	1.270 	18.600 
		421689.3383	1165631.462	-183 	1.380 	1.380 	24.000 
		421690.2383	1165632.533	-185 	(0.857)	(0.857)	0.139 
		421691.3311	1165633.835	-189 	0.929 	0.929 	8.500 
		421692.4561	1165635.174	-192 	1.238 	1.238 	17.300 
		421693.4203	1165636.322	-195 	2.000 	2.000 	100.000 
		421694.4167	1165637.509	-198 	1.543 	1.543 	34.900 
		421695.4131	1165638.695	-201 	0.556 	0.556 	3.600 
		421696.8916	1165640.455	-206 	1.529 	1.529 	33.800 
		421697.5344	1165641.221	-208 	0.756 	0.756 	5.700 
		421698.4987	1165642.369	-211 	1.875 	1.875 	75.000 
		421699.4629	1165643.517	-214 	1.358 	1.358 	22.800 
		421700.4272	1165644.665	-217 	1.312 	1.312 	20.500 
		421701.3914	1165645.813	-220 	0.763 	0.763 	5.800 
		421702.1307	1165646.694	-222 	0.491 	0.491 	3.100 
		421703.0949	1165647.842	-225 	0.991 	0.991 	9.800 
		421704.2199	1165649.181	-229 	1.064 	1.064 	11.600 
VBH-01		422048.768	1165388.116	-62 	0.255 	0.255 	1.800 
		422048.768	1165388.116	-64 	0.708 	0.708 	5.100 
		422048.768	1165388.116	-67 	0.833 	0.833 	6.800 
		422048.768	1165388.116	-69 	(3.000)	(3.000)	0.001 
		422048.768	1165388.116	-72 	0.748 	0.748 	5.600 
		422048.768	1165388.116	-75 	1.079 	1.079 	12.000 
		422048.768	1165388.116	-78 	1.130 	1.130 	13.500 
		422048.768	1165388.116	-81 	0.813 	0.813 	6.500 
		422048.768	1165388.116	-84 	0.204 	0.204 	1.600 
		422048.768	1165388.116	-86 	0.398 	0.398 	2.500 
		422048.768	1165388.116	-89 	0.954 	0.954 	9.000 
		422048.768	1165388.116	-93 	0.531 	0.531 	3.400 
		422048.768	1165388.116	-94 	1.301 	1.301 	20.000 
		422048.768	1165388.116	-97 	0.431 	0.431 	2.700 
		422048.768	1165388.116	-101 	0.799 	0.799 	6.300 
		422048.768	1165388.116	-104 	(0.125)	(0.125)	0.750 
		422048.768	1165388.116	-105 	1.155 	1.155 	14.300 
		422048.768	1165388.116	-109 	1.037 	1.037 	10.900 
		422048.768	1165388.116	-111 	1.097 	1.097 	12.500 
		422048.768	1165388.116	-114 	1.061 	1.061 	11.500 
		422048.768	1165388.116	-119 	2.176 	2.176 	150.000 
		422048.768	1165388.116	-121 	1.574 	1.574 	37.500 
		422048.768	1165388.116	-123 	1.398 	1.398 	25.000 
		422048.768	1165388.116	-125 	1.591 	1.591 	39.000 
		422048.768	1165388.116	-127 	0.982 	0.982 	9.600 
		422048.768	1165388.116	-130 	1.097 	1.097 	12.500 
		422048.768	1165388.116	-134 	1.201 	1.201 	15.900 
		422048.768	1165388.116	-137 	1.398 	1.398 	25.000 
		422048.768	1165388.116	-140 	2.000 	2.000 	100.000 
		422048.768	1165388.116	-143 	1.260 	1.260 	18.200 
		422048.768	1165388.116	-146 	1.380 	1.380 	24.000 
		422048.768	1165388.116	-149 	1.255 	1.255 	18.000 
		422048.768	1165388.116	-151 	1.238 	1.238 	17.300 
		422048.768	1165388.116	-154 	1.193 	1.193 	15.600 
		422048.768	1165388.116	-156 	1.021 	1.021 	10.500 
		422048.768	1165388.116	-158 	1.420 	1.420 	26.300 
		422048.768	1165388.116	-160 	1.079 	1.079 	12.000 
		422048.768	1165388.116	-162 	1.318 	1.318 	20.800 
		422048.768	1165388.116	-165 	1.049 	1.049 	11.200 
		422048.768	1165388.116	-168 	1.021 	1.021 	10.500 
		422048.768	1165388.116	-171 	0.919 	0.919 	8.300 
		422048.768	1165388.116	-174 	1.778 	1.778 	60.000 
		422048.768	1165388.116	-177 	1.286 	1.286 	19.300 
		422048.768	1165388.116	-179 	0.732 	0.732 	5.400 
		422048.768	1165388.116	-182 	1.908 	1.908 	81.000 
		422048.768	1165388.116	-184 	1.104 	1.104 	12.700 
		422048.768	1165388.116	-187 	0.342 	0.342 	2.200 
		422048.768	1165388.116	-190 	0.833 	0.833 	6.800 
		422048.768	1165388.116	-192 	1.504 	1.504 	31.900 
		422048.768	1165388.116	-194 	1.290 	1.290 	19.500 
		422048.768	1165388.116	-197 	1.467 	1.467 	29.300 
		422048.768	1165388.116	-198 	1.574 	1.574 	37.500 
VBH-02		421806.069	1165530.182	-53 	0.785 	0.785 	6.100 
		421806.069	1165530.182	-55 	0.949 	0.949 	8.900 
		421806.069	1165530.182	-58 	1.241 	1.241 	17.400 
		421806.069	1165530.182	-61 	1.318 	1.318 	20.800 
		421806.069	1165530.182	-64 	2.000 	2.000 	100.000 
		421806.069	1165530.182	-67 	1.875 	1.875 	75.000 
		421806.069	1165530.182	-70 	1.875 	1.875 	75.000 
		421806.069	1165530.182	-73 	2.000 	2.000 	100.000 
		421806.069	1165530.182	-76 	1.875 	1.875 	75.000 
		421806.069	1165530.182	-79 	2.000 	2.000 	100.000 
		421806.069	1165530.182	-82 	1.875 	1.875 	75.000 
		421806.069	1165530.182	-85 	2.000 	2.000 	100.000 
		421806.069	1165530.182	-88 	3.000 	3.000 	1000.000 
		421806.069	1165530.182	-91 	2.000 	2.000 	100.000 
		421806.069	1165530.182	-94 	3.000 	3.000 	1000.000 
		421806.069	1165530.182	-97 	2.301 	2.301 	200.000 
		421806.069	1165530.182	-100 	1.398 	1.398 	25.000 
		421806.069	1165530.182	-103 	1.233 	1.233 	17.100 
		421806.069	1165530.182	-106 	2.000 	2.000 	100.000 
		421806.069	1165530.182	-109 	1.699 	1.699 	50.000 
		421806.069	1165530.182	-112 	2.176 	2.176 	150.000 
		421806.069	1165530.182	-115 	3.000 	3.000 	1000.000 
		421806.069	1165530.182	-118 	2.477 	2.477 	300.000 
		421806.069	1165530.182	-121 	2.301 	2.301 	200.000 
		421806.069	1165530.182	-124 	3.000 	3.000 	1000.000 
		421806.069	1165530.182	-127 	1.875 	1.875 	75.000 
		421806.069	1165530.182	-130 	2.000 	2.000 	100.000 
		421806.069	1165530.182	-133 	2.000 	2.000 	100.000 
		421806.069	1165530.182	-136 	2.000 	2.000 	100.000 
		421806.069	1165530.182	-139 	2.176 	2.176 	150.000 
		421806.069	1165530.182	-142 	2.000 	2.000 	100.000 
		421806.069	1165530.182	-145 	1.501 	1.501 	31.700 
		421806.069	1165530.182	-148 	1.061 	1.061 	11.500 
		421806.069	1165530.182	-151 	2.000 	2.000 	100.000 
		421806.069	1165530.182	-154 	1.875 	1.875 	75.000 
		421806.069	1165530.182	-157 	1.690 	1.690 	49.000 
		421806.069	1165530.182	-160 	1.217 	1.217 	16.500 
		421806.069	1165530.182	-163 	1.982 	1.982 	96.000 
		421806.069	1165530.182	-166 	1.875 	1.875 	75.000 
		421806.069	1165530.182	-169 	1.241 	1.241 	17.400 
		421806.069	1165530.182	-172 	1.875 	1.875 	75.000 
		421806.069	1165530.182	-174 	1.875 	1.875 	75.000 
		421806.069	1165530.182	-177 	1.250 	1.250 	17.800 
		421806.069	1165530.182	-180 	0.756 	0.756 	5.700 
		421806.069	1165530.182	-183 	0.908 	0.908 	8.100 
		421806.069	1165530.182	-186 	1.241 	1.241 	17.400 
		421806.069	1165530.182	-189 	1.238 	1.238 	17.300 
		421806.069	1165530.182	-192 	1.270 	1.270 	18.600 
		421806.069	1165530.182	-195 	1.522 	1.522 	33.300 
VBH-03		421773.985	1165773.682	-52 	1.667 	1.667 	46.500 
		421773.985	1165773.682	-56 	1.695 	1.695 	49.500 
		421773.985	1165773.682	-58 	3.000 	3.000 	1000.000 
		421773.985	1165773.682	-61 	1.996 	1.996 	99.000 
		421773.985	1165773.682	-64 	2.297 	2.297 	198.000 
		421773.985	1165773.682	-67 	2.000 	2.000 	100.000 
		421773.985	1165773.682	-70 	3.000 	3.000 	1000.000 
		421773.985	1165773.682	-148 	1.866 	1.866 	73.500 
		421773.985	1165773.682	-151 	3.000 	3.000 	1000.000 
		421773.985	1165773.682	-154 	1.551 	1.551 	35.600 
		421773.985	1165773.682	-157 	3.000 	3.000 	1000.000 
		421773.985	1165773.682	-181 	2.301 	2.301 	200.000 
		421773.985	1165773.682	-184 	3.000 	3.000 	1000.000 
		421773.985	1165773.682	-187 	3.000 	3.000 	1000.000 
		421773.985	1165773.682	-199 	2.301 	2.301 	200.000 
VBH-04		422248.196	1165509.782	-57 	0.839 	0.839 	6.900 
		422248.196	1165509.782	-60 	1.053 	1.053 	11.300 
		422248.196	1165509.782	-63 	1.262 	1.262 	18.300 
		422248.196	1165509.782	-66 	1.217 	1.217 	16.500 
		422248.196	1165509.782	-70 	1.348 	1.348 	22.300 
		422248.196	1165509.782	-73 	1.501 	1.501 	31.700 
		422248.196	1165509.782	-76 	1.699 	1.699 	50.000 
		422248.196	1165509.782	-79 	2.301 	2.301 	200.000 
		422248.196	1165509.782	-82 	2.301 	2.301 	200.000 
		422248.196	1165509.782	-85 	3.000 	3.000 	1000.000 
		422248.196	1165509.782	-88 	2.301 	2.301 	200.000 
		422248.196	1165509.782	-91 	1.377 	1.377 	23.800 
		422248.196	1165509.782	-94 	1.677 	1.677 	47.500 
		422248.196	1165509.782	-97 	1.944 	1.944 	88.000 
		422248.196	1165509.782	-101 	1.959 	1.959 	91.000 
		422248.196	1165509.782	-104 	3.000 	3.000 	1000.000 
		422248.196	1165509.782	-106 	3.000 	3.000 	1000.000 
		422248.196	1165509.782	-109 	1.348 	1.348 	22.300 
		422248.196	1165509.782	-113 	1.505 	1.505 	32.000 
		422248.196	1165509.782	-115 	1.342 	1.342 	22.000 
		422248.196	1165509.782	-118 	2.000 	2.000 	100.000 
		422248.196	1165509.782	-120 	3.000 	3.000 	1000.000 
		422248.196	1165509.782	-123 	2.000 	2.000 	100.000 
		422248.196	1165509.782	-125 	2.301 	2.301 	200.000 
		422248.196	1165509.782	-128 	2.301 	2.301 	200.000 
		422248.196	1165509.782	-131 	3.000 	3.000 	1000.000 
		422248.196	1165509.782	-134 	3.000 	3.000 	1000.000 
		422248.196	1165509.782	-137 	3.000 	3.000 	1000.000 
		422248.196	1165509.782	-140 	3.000 	3.000 	1000.000 
		422248.196	1165509.782	-143 	3.000 	3.000 	1000.000 
		422248.196	1165509.782	-146 	3.000 	3.000 	1000.000 
		422248.196	1165509.782	-149 	2.000 	2.000 	100.000 
		422248.196	1165509.782	-152 	2.301 	2.301 	200.000 
		422248.196	1165509.782	-155 	2.301 	2.301 	200.000 
		422248.196	1165509.782	-158 	2.301 	2.301 	200.000 
		422248.196	1165509.782	-161 	3.000 	3.000 	1000.000 
		422248.196	1165509.782	-164 	2.301 	2.301 	200.000 
		422248.196	1165509.782	-167 	3.000 	3.000 	1000.000 
		422248.196	1165509.782	-170 	3.000 	3.000 	1000.000 
		422248.196	1165509.782	-173 	3.000 	3.000 	1000.000 
		422248.196	1165509.782	-176 	3.000 	3.000 	1000.000 
		422248.196	1165509.782	-179 	1.686 	1.686 	48.500 
		422248.196	1165509.782	-182 	3.000 	3.000 	1000.000 
		422248.196	1165509.782	-185 	3.000 	3.000 	1000.000 
		422248.196	1165509.782	-187 	0.763 	0.763 	5.800 
		422248.196	1165509.782	-190 	1.522 	1.522 	33.300 
		422248.196	1165509.782	-193 	1.398 	1.398 	25.000 
		422248.196	1165509.782	-196 	1.294 	1.294 	19.700 
VBH-05		422076.29	1165569.79	-55 	1.487 	1.487 	30.700 
		422076.29	1165569.79	-58 	1.348 	1.348 	22.300 
		422076.29	1165569.79	-62 	1.686 	1.686 	48.500 
		422076.29	1165569.79	-65 	1.991 	1.991 	98.000 
		422076.29	1165569.79	-68 	2.301 	2.301 	200.000 
		422076.29	1165569.79	-71 	1.968 	1.968 	93.000 
		422076.29	1165569.79	-74 	2.301 	2.301 	200.000 
		422076.29	1165569.79	-77 	3.000 	3.000 	1000.000 
		422076.29	1165569.79	-80 	2.301 	2.301 	200.000 
		422076.29	1165569.79	-83 	3.000 	3.000 	1000.000 
		422076.29	1165569.79	-86 	3.000 	3.000 	1000.000 
		422076.29	1165569.79	-89 	1.658 	1.658 	45.500 
		422076.29	1165569.79	-92 	3.000 	3.000 	1000.000 
		422076.29	1165569.79	-95 	3.000 	3.000 	1000.000 
		422076.29	1165569.79	-98 	1.681 	1.681 	48.000 
		422076.29	1165569.79	-101 	1.699 	1.699 	50.000 
		422076.29	1165569.79	-104 	1.686 	1.686 	48.500 
		422076.29	1165569.79	-107 	3.000 	3.000 	1000.000 
		422076.29	1165569.79	-110 	3.000 	3.000 	1000.000 
		422076.29	1165569.79	-113 	3.000 	3.000 	1000.000 
		422076.29	1165569.79	-116 	3.000 	3.000 	1000.000 
		422076.29	1165569.79	-119 	3.000 	3.000 	1000.000 
		422076.29	1165569.79	-122 	1.699 	1.699 	50.000 
		422076.29	1165569.79	-125 	3.000 	3.000 	1000.000 
		422076.29	1165569.79	-128 	3.000 	3.000 	1000.000 
		422076.29	1165569.79	-131 	1.699 	1.699 	50.000 
		422076.29	1165569.79	-134 	1.699 	1.699 	50.000 
		422076.29	1165569.79	-137 	1.991 	1.991 	98.000 
		422076.29	1165569.79	-140 	1.991 	1.991 	98.000 
		422076.29	1165569.79	-143 	2.176 	2.176 	150.000 
		422076.29	1165569.79	-146 	3.000 	3.000 	1000.000 
		422076.29	1165569.79	-149 	2.301 	2.301 	200.000 
		422076.29	1165569.79	-152 	3.000 	3.000 	1000.000 
		422076.29	1165569.79	-155 	3.000 	3.000 	1000.000 
		422076.29	1165569.79	-158 	3.000 	3.000 	1000.000 
		422076.29	1165569.79	-161 	3.000 	3.000 	1000.000 
		422076.29	1165569.79	-164 	2.301 	2.301 	200.000 
		422076.29	1165569.79	-167 	2.301 	2.301 	200.000 
		422076.29	1165569.79	-170 	2.301 	2.301 	200.000 
		422076.29	1165569.79	-172 	3.000 	3.000 	1000.000 
		422076.29	1165569.79	-175 	3.000 	3.000 	1000.000 
		422076.29	1165569.79	-178 	2.301 	2.301 	200.000 
		422076.29	1165569.79	-181 	3.000 	3.000 	1000.000 
		422076.29	1165569.79	-184 	3.000 	3.000 	1000.000 
		422076.29	1165569.79	-187 	3.000 	3.000 	1000.000 
		422076.29	1165569.79	-190 	3.000 	3.000 	1000.000 
		422076.29	1165569.79	-193 	3.000 	3.000 	1000.000 
		422076.29	1165569.79	-196 	1.522 	1.522 	33.300 
