 160 
1, 422264.198083767, 1165500.83818248, -132
2, 421941.551250321, 1165733.04990231, -172
3, 422264.422330593, 1165607.24870685, -124.99999564435
4, 422264.198083723, 1165500.83818239, -125
5, 421941.551250277, 1165733.04990222, -165
6, 421877.778883829, 1165647.86597613, -165
7, 422322.492467103, 1165675.35971353, -118
8, 421851.258319382, 1165462.73122606, -158
9, 422267.524664583, 1165510.79728999, 2.00000321636356
10, 422267.524664583, 1165510.79728999, -118
11, 422267.524664583, 1165510.79728999, -125
12, 422267.524664583, 1165510.79728999, -132
13, 422267.524665554, 1165510.79729184, -151.999996783636
14, 421938.224667589, 1165723.09079106, 3.50000369066977
15, 421938.224667589, 1165723.09079106, -158
16, 421938.224667589, 1165723.09079106, -165
17, 422068.466052728, 1165558.85773627, -150.999997461341
18, 422068.466051754, 1165558.85773441, 3.50000253865918
19, 422097.026318218, 1165538.24784953, -130.999997275874
20, 422095.922264627, 1165579.59794869, -98
21, 422115.449308244, 1165560.11219556, -98
22, 422068.466052394, 1165558.85773563, -97.9999974613408
23, 422229.09778537, 1165501.49173313, -117.999997137738
24, 422224.503350623, 1165487.73939733, -117.99999733194
25, 422218.810760491, 1165470.69693994, -116.330220491439
26, 422216.932916311, 1165466.06184109, -115.844802791436
27, 422214.789380151, 1165462.16671597, -115.413320391722
28, 422211.34421075, 1165457.45970635, -114.846999741211
29, 422208.483032044, 1165454.42844856, -114.442484989395
30, 422204.878271591, 1165451.37607188, -113.984034935011
31, 422200.456976617, 1165448.49268885, -113.471649576254
32, 422195.693678479, 1165446.2183235, -112.95926421233
33, 422190.402967225, 1165444.5228821, -112.419911191024
34, 422185.757274051, 1165443.66916305, -111.961461116793
35, 422180.487197797, 1165443.37244234, -111.449075732303
36, 422175.774783991, 1165443.69564103, -110.990625644353
37, 422170.864034466, 1165444.6416744, -110.505207896418
38, 422168.198605094, 1165445.43016861, -110.235531366232
39, 422125.451902139, 1165459.70859411, -105.863903800285
40, 422121.830425197, 1165461.11724772, -105.486833354622
41, 422117.404809503, 1165463.43270233, -105.002028488399
42, 422113.521183081, 1165466.11085611, -104.544157218084
43, 422109.782674384, 1165469.42291815, -104.05935233555
44, 422105.982550413, 1165473.838626, -103.493746629101
45, 422103.403742827, 1165477.78891881, -103.035875335274
46, 422101.199486962, 1165482.27082223, -102.551070429015
47, 422099.570972084, 1165486.99248947, -102.066265516234
48, 422098.543590206, 1165491.88029968, -101.581460597683
49, 422098.138844499, 1165496.58043189, -101.123589281144
50, 422097.279353345, 1165528.77093136, -97.9999976411497
51, 422095.922264627, 1165579.59794869, -130.999997039028
52, 422155.346982387, 1165508.22419348, -91.0076654604934
53, 422134.127189379, 1165515.31215563, -93.7805094155236
54, 422118.325630754, 1165531.13336751, -96.5085122575429
55, 422102.073109912, 1165536.56209988, -97.9999975173136
56, 422096.456077364, 1165559.60507386, -98
57, 422097.026318218, 1165538.24784953, -98
58, 421917.697382247, 1165767.37544629, -157.999995907303
59, 421920.087594956, 1165772.0066907, -157.54293636884
60, 421923.054851719, 1165775.14414877, -157.164680201715
61, 421928.052198588, 1165777.97957495, -156.660338655149
62, 421932.267496861, 1165778.91740026, -156.28208250657
63, 421938.344439215, 1165778.37588369, -155.746219651189
64, 422017.079549037, 1165752.1027052, -148.278297278292
65, 422021.272409823, 1165750.02291457, -147.855724580727
66, 422027.0664889, 1165743.23625493, -147.043084825512
67, 422024.96783794, 1165746.59898247, -147.400646310439
68, 422095.655358265, 1165589.59438611, -131.899996920601
69, 422027.217203949, 1165742.90803826, -147.010579236496
70, 422115.449308244, 1165560.11219556, -131
71, 422040.983149943, 1165539.1171671, -130.999997871811
72, 422040.47602784, 1165558.11039819, -130.999997646808
73, 422068.466052602, 1165558.85773603, -130.999997461341
74, 422096.456077364, 1165559.60507386, -130.999997275874
75, 422200.649482721, 1165522.06494166, -132
76, 422322.492467191, 1165675.3597137, -132
77, 422262.745673763, 1165707.96831188, -132
78, 422290.718166625, 1165685.97309331, -132
79, 422321.22519848, 1165671.56576885, -132
80, 422257.676598131, 1165692.79253011, -132
81, 422286.599541709, 1165673.64276773, -131.9999947068
82, 422289.450898261, 1165682.17914949, -132
83, 421739.336902708, 1165500.11566777, -172
84, 421787.709718427, 1165483.95798541, -172
85, 421851.25831947, 1165462.73122623, -172
86, 421708.389038556, 1165568.44011218, -172
87, 421781.257017846, 1165786.59202621, -172
88, 421724.95774784, 1165618.04345893, -172
89, 421740.937415972, 1165504.90727906, -172
90, 421829.629833567, 1165770.43434385, -172
91, 421773.010353925, 1165600.92713402, -172
92, 421852.525590223, 1165466.52517719, -172
93, 421788.976988297, 1165487.75193366, -172
94, 421878.002649279, 1165754.27666149, -172
95, 421820.752145293, 1165477.14108339, -172
96, 421884.190893485, 1165561.32465678, -172
97, 421821.062960004, 1165583.81080911, -172
98, 421855.601191328, 1165581.47207625, -172
99, 421852.626927654, 1165572.56773262, -171.999998657568
100, 422322.492467147, 1165675.35971362, -125
101, 422262.745673719, 1165707.96831179, -125
102, 422200.649482677, 1165522.06494158, -125
103, 422293.345275435, 1165588.09894801, -125
104, 422229.796675048, 1165609.32570916, -125
105, 422261.570974882, 1165598.71232761, -125
106, 421708.389038512, 1165568.4401121, -165
107, 421781.257017802, 1165786.59202613, -165
108, 421752.109826086, 1165699.33126052, -165
109, 421739.336902664, 1165500.11566769, -165
110, 421829.629833523, 1165770.43434377, -165
111, 421800.482641807, 1165683.17357815, -165
112, 421787.709718383, 1165483.95798532, -165
113, 421878.002649234, 1165754.27666141, -165
114, 421851.258319426, 1165462.73122614, -165
115, 421912.40560406, 1165645.79055885, -165
116, 421848.855372887, 1165667.01564242, -165
117, 421880.630488474, 1165656.40310063, -165
118, 422262.745673675, 1165707.96831171, -118
119, 422201.916751837, 1165525.85888782, -118
120, 422200.649482632, 1165522.06494149, -118
121, 422265.465352884, 1165504.63212864, -118
122, 422264.198083678, 1165500.83818231, -118
123, 422201.916751837, 1165525.85888782, -117.983334244951
124, 422233.69105236, 1165515.24550823, -117.98333417212
125, 422265.465352882, 1165504.63212864, -117.983334099288
126, 422258.71961917, 1165590.17594836, -124.999995885434
127, 422236.546867991, 1165523.81065138, -117.999996977516
128, 422232.423783154, 1165511.4515619, -117.9999969971
129, 422233.69105236, 1165515.24550823, -118
130, 421781.257017758, 1165786.59202604, -158
131, 421829.629833479, 1165770.43434368, -158
132, 421878.00264919, 1165754.27666132, -158
133, 421941.551250233, 1165733.04990214, -158
134, 421708.389038468, 1165568.44011202, -158
135, 421739.33690262, 1165500.1156676, -158
136, 421787.709718339, 1165483.95798524, -158
137, 421940.283981699, 1165729.25595782, -158
138, 421828.365281723, 1165766.64852911, -158
139, 421779.989748553, 1165782.79807971, -158
140, 421908.511194363, 1165739.86883069, -158
141, 421876.738096372, 1165750.49084711, -158
142, 422349.907927917, 1165699.1173959, -90.9999940015418
143, 422349.786840004, 1165675.00729132, -90.9999942919843
144, 422158.667589216, 1165507.11505341, -90.9999975077422
145, 422280.152487527, 1165466.53619848, -90.999997235803
146, 421689.4036188, 1165493.07258206, -131.000000641877
147, 421670.433887146, 1165499.40892809, -131.000000685358
148, 421683.377023814, 1165575.62545114, -130.999999688017
149, 421764.516798974, 1165818.54144013, -130.999996257803
150, 421711.89817418, 1165661.01197624, -130.999998482275
151, 421957.45922555, 1165755.36416119, -130.999995800289
152, 421964.155243737, 1165718.65543764, -130.999996199118
153, 421847.449632981, 1165440.28141707, -131.000000279612
154, 421868.790581086, 1165433.15302779, -131.000000230695
155, 422021.482796752, 1165557.6032761, -130.999997772661
156, 421921.513708965, 1165590.99535267, -130.999998001805
157, 421938.224667589, 1165723.09079106, -172
158, 421938.224668821, 1165723.09079341, -191.99999630933
159, 421905.659004128, 1165731.33272925, -157.999996415644
160, 421883.482093119, 1165664.94022513, -164.999997353173
 162 
1, 12, 1, Cavern-B2_C4, 3
2, 79, 12, Cavern-B2_C4, 3
3, 157, 2, Cavern-B2_C3, 3
4, 96, 157, Cavern-B2_C3, 3
5, 3, 81, Cavern-Access, 5
6, 105, 3, Cavern-Access, 5
7, 11, 103, Cavern-B1_C4, 2
8, 4, 11, Cavern-B1_C4, 2
9, 16, 5, Cavern-B1_C3, 2
10, 115, 16, Cavern-B1_C3, 2
11, 6, 98, Cavern-Access, 5
12, 117, 6, Cavern-Access, 5
13, 10, 7, Cavern-TH_C4, 1
14, 125, 10, Cavern-TH_C4, 1
15, 15, 8, Cavern-TH_C3, 1
16, 137, 15, Cavern-TH_C3, 1
17, 9, 10, Shaft, 8
18, 10, 11, Shaft, 8
19, 11, 12, Shaft, 8
20, 12, 13, Shaft, 8
21, 14, 15, Shaft, 8
22, 15, 16, Shaft, 8
23, 16, 157, Shaft, 8
24, 73, 17, Shaft, 9
25, 22, 73, Shaft, 9
26, 18, 22, Shaft, 9
27, 74, 19, AccessTunnel, 4
28, 56, 20, AccessTunnel, 4
29, 56, 21, AccessTunnel, 4
30, 56, 22, AccessTunnel, 4
31, 23, 128, AccessTunnel, 4
32, 24, 23, AccessTunnel, 4
33, 25, 24, AccessTunnel, 4
34, 26, 25, AccessTunnel, 4
35, 27, 26, AccessTunnel, 4
36, 28, 27, AccessTunnel, 4
37, 29, 28, AccessTunnel, 4
38, 30, 29, AccessTunnel, 4
39, 31, 30, AccessTunnel, 4
40, 32, 31, AccessTunnel, 4
41, 33, 32, AccessTunnel, 4
42, 34, 33, AccessTunnel, 4
43, 35, 34, AccessTunnel, 4
44, 36, 35, AccessTunnel, 4
45, 37, 36, AccessTunnel, 4
46, 38, 37, AccessTunnel, 4
47, 39, 38, AccessTunnel, 4
48, 40, 39, AccessTunnel, 4
49, 41, 40, AccessTunnel, 4
50, 42, 41, AccessTunnel, 4
51, 43, 42, AccessTunnel, 4
52, 44, 43, AccessTunnel, 4
53, 45, 44, AccessTunnel, 4
54, 46, 45, AccessTunnel, 4
55, 47, 46, AccessTunnel, 4
56, 48, 47, AccessTunnel, 4
57, 49, 48, AccessTunnel, 4
58, 50, 49, AccessTunnel, 4
59, 57, 50, AccessTunnel, 4
60, 51, 68, AccessTunnel, 4
61, 74, 51, AccessTunnel, 4
62, 52, 144, AccessTunnel, 4
63, 53, 52, AccessTunnel, 4
64, 54, 53, AccessTunnel, 4
65, 55, 54, AccessTunnel, 4
66, 57, 55, AccessTunnel, 4
67, 56, 57, AccessTunnel, 4
68, 58, 140, AccessTunnel, 4
69, 59, 58, AccessTunnel, 4
70, 60, 59, AccessTunnel, 4
71, 61, 60, AccessTunnel, 4
72, 62, 61, AccessTunnel, 4
73, 63, 62, AccessTunnel, 4
74, 64, 63, AccessTunnel, 4
75, 65, 64, AccessTunnel, 4
76, 67, 65, AccessTunnel, 4
77, 66, 67, AccessTunnel, 4
78, 68, 69, AccessTunnel, 4
79, 74, 70, AccessTunnel, 4
80, 72, 155, AccessTunnel, 4
81, 72, 71, AccessTunnel, 4
82, 73, 72, AccessTunnel, 4
83, 73, 74, AccessTunnel, 4
84, 80, 75, Cavern-B2_C4, 3
85, 79, 76, Cavern-B2_C4, 3
86, 80, 77, Cavern-B2_C4, 3
87, 82, 78, Cavern-Access, 5
88, 82, 79, Cavern-Access, 5
89, 82, 80, Cavern-Access, 5
90, 81, 82, Cavern-Access, 5
91, 89, 83, Cavern-B2_C3, 3
92, 93, 84, Cavern-B2_C3, 3
93, 92, 85, Cavern-B2_C3, 3
94, 88, 86, Cavern-B2_C3, 3
95, 88, 87, Cavern-B2_C3, 3
96, 91, 88, Cavern-Access, 5
97, 93, 89, Cavern-Access, 5
98, 91, 89, Cavern-B2_C3, 3
99, 91, 90, Cavern-B2_C3, 3
100, 97, 91, Cavern-Access, 5
101, 97, 93, Cavern-B2_C3, 3
102, 96, 92, Cavern-B2_C3, 3
103, 95, 92, Cavern-Access, 5
104, 95, 93, Cavern-Access, 5
105, 97, 94, Cavern-B2_C3, 3
106, 99, 95, Cavern-Access, 5
107, 99, 96, Cavern-Access, 5
108, 99, 97, Cavern-Access, 5
109, 98, 99, Cavern-Access, 5
110, 103, 100, Cavern-B1_C4, 2
111, 104, 101, Cavern-B1_C4, 2
112, 104, 102, Cavern-B1_C4, 2
113, 105, 103, Cavern-Access, 5
114, 105, 104, Cavern-Access, 5
115, 126, 105, Cavern-Access, 5
116, 108, 106, Cavern-B1_C3, 2
117, 108, 107, Cavern-B1_C3, 2
118, 111, 108, Cavern-Access, 5
119, 111, 109, Cavern-B1_C3, 2
120, 111, 110, Cavern-B1_C3, 2
121, 116, 111, Cavern-Access, 5
122, 116, 112, Cavern-B1_C3, 2
123, 116, 113, Cavern-B1_C3, 2
124, 115, 114, Cavern-B1_C3, 2
125, 117, 115, Cavern-Access, 5
126, 117, 116, Cavern-Access, 5
127, 160, 117, Cavern-Access, 5
128, 119, 118, Cavern-TH_C4, 1
129, 119, 120, Cavern-TH_C4, 1
130, 121, 122, Cavern-TH_C4, 1
131, 124, 123, Cavern-Access, 5
132, 124, 125, Cavern-Access, 5
133, 127, 126, Cavern-Access, 5
134, 129, 127, Cavern-Access, 5
135, 128, 129, Cavern-Access, 5
136, 141, 138, Cavern-Access, 5
137, 139, 130, Cavern-TH_C3, 1
138, 138, 131, Cavern-TH_C3, 1
139, 141, 132, Cavern-TH_C3, 1
140, 137, 133, Cavern-TH_C3, 1
141, 139, 134, Cavern-TH_C3, 1
142, 138, 135, Cavern-TH_C3, 1
143, 141, 136, Cavern-TH_C3, 1
144, 140, 159, Cavern-Access, 5
145, 140, 137, Cavern-Access, 5
146, 138, 139, Cavern-Access, 5
147, 140, 141, Cavern-Access, 5
148, 143, 142, WaterCurtain_C4, 7
149, 145, 143, WaterCurtain_C4, 7
150, 144, 145, WaterCurtain_C4, 7
151, 147, 146, WaterCurtain_C3, 7
152, 148, 147, WaterCurtain_C3, 7
153, 150, 148, WaterCurtain_C3, 7
154, 150, 149, WaterCurtain_C3, 7
155, 156, 150, WaterCurtain_C3, 7
156, 152, 151, WaterCurtain_C3, 7
157, 156, 152, WaterCurtain_C3, 7
158, 154, 153, WaterCurtain_C3, 7
159, 156, 154, WaterCurtain_C3, 7
160, 155, 156, WaterCurtain_C3, 7
161, 157, 158, Shaft, 8
162, 159, 160, Cavern-Access, 5
 3 
1, 17, 9
2, 21, 14
3, 26, 18
